%============================
function [w,x]=ponderi()
w=[
0.568888888888888
0.236926885056189
0.478628670499367
0.236926885056189
0.478628670499367
];
x=[
0
-0.906179845938664
-0.538469310105683
0.906179845938664
0.538469310105683];
%============================